6.500000000000000222e-01 3.500000000000000333e-02 3.500000000000000333e-02 2.000000000000000042e-02 4.499999999999999833e-02 3.500000000000000333e-02 1.499999999999999944e-02 2.000000000000000042e-02 8.500000000000000611e-02 1.499999999999999944e-02 1.000000000000000021e-02 0.000000000000000000e+00 5.000000000000000104e-03 1.000000000000000021e-02 1.000000000000000021e-02 1.000000000000000021e-02
5.849999999999999645e-01 4.499999999999999833e-02 4.499999999999999833e-02 4.000000000000000083e-02 5.500000000000000028e-02 3.500000000000000333e-02 2.000000000000000042e-02 4.499999999999999833e-02 4.000000000000000083e-02 2.000000000000000042e-02 2.000000000000000042e-02 1.000000000000000021e-02 1.000000000000000021e-02 5.000000000000000104e-03 1.499999999999999944e-02 1.000000000000000021e-02
6.149999999999999911e-01 4.499999999999999833e-02 4.000000000000000083e-02 3.500000000000000333e-02 5.500000000000000028e-02 4.499999999999999833e-02 5.000000000000000104e-03 2.500000000000000139e-02 6.500000000000000222e-02 2.999999999999999889e-02 1.000000000000000021e-02 1.499999999999999944e-02 5.000000000000000104e-03 0.000000000000000000e+00 5.000000000000000104e-03 5.000000000000000104e-03
5.250000000000000222e-01 8.999999999999999667e-02 3.500000000000000333e-02 2.000000000000000042e-02 4.000000000000000083e-02 1.000000000000000021e-02 2.000000000000000042e-02 2.500000000000000139e-02 5.000000000000000278e-02 3.500000000000000333e-02 3.500000000000000333e-02 2.999999999999999889e-02 5.000000000000000104e-03 1.000000000000000021e-02 2.500000000000000139e-02 4.499999999999999833e-02
6.350000000000000089e-01 4.000000000000000083e-02 3.500000000000000333e-02 1.000000000000000021e-02 5.000000000000000278e-02 2.000000000000000042e-02 5.000000000000000104e-03 1.499999999999999944e-02 7.000000000000000666e-02 1.499999999999999944e-02 3.500000000000000333e-02 5.000000000000000104e-03 1.499999999999999944e-02 2.999999999999999889e-02 1.000000000000000021e-02 1.000000000000000021e-02
5.300000000000000266e-01 7.499999999999999722e-02 5.500000000000000028e-02 2.999999999999999889e-02 4.000000000000000083e-02 4.499999999999999833e-02 2.999999999999999889e-02 2.000000000000000042e-02 3.500000000000000333e-02 2.000000000000000042e-02 2.000000000000000042e-02 2.000000000000000042e-02 2.500000000000000139e-02 2.000000000000000042e-02 1.000000000000000021e-02 2.500000000000000139e-02
5.550000000000000488e-01 3.500000000000000333e-02 5.000000000000000278e-02 3.500000000000000333e-02 4.000000000000000083e-02 2.500000000000000139e-02 4.499999999999999833e-02 2.000000000000000042e-02 4.000000000000000083e-02 0.000000000000000000e+00 2.999999999999999889e-02 2.000000000000000042e-02 2.000000000000000042e-02 1.000000000000000021e-02 4.000000000000000083e-02 3.500000000000000333e-02
5.350000000000000311e-01 4.499999999999999833e-02 5.500000000000000028e-02 3.500000000000000333e-02 2.500000000000000139e-02 2.000000000000000042e-02 2.500000000000000139e-02 2.000000000000000042e-02 4.000000000000000083e-02 2.500000000000000139e-02 2.000000000000000042e-02 5.500000000000000028e-02 2.999999999999999889e-02 2.000000000000000042e-02 1.499999999999999944e-02 3.500000000000000333e-02
6.600000000000000311e-01 3.500000000000000333e-02 2.000000000000000042e-02 1.000000000000000021e-02 6.500000000000000222e-02 0.000000000000000000e+00 5.000000000000000104e-03 3.500000000000000333e-02 3.500000000000000333e-02 1.499999999999999944e-02 3.500000000000000333e-02 2.500000000000000139e-02 2.999999999999999889e-02 0.000000000000000000e+00 1.000000000000000021e-02 2.000000000000000042e-02
5.849999999999999645e-01 5.500000000000000028e-02 3.500000000000000333e-02 2.000000000000000042e-02 5.000000000000000278e-02 2.999999999999999889e-02 4.000000000000000083e-02 1.499999999999999944e-02 2.999999999999999889e-02 2.000000000000000042e-02 1.499999999999999944e-02 2.999999999999999889e-02 2.000000000000000042e-02 1.000000000000000021e-02 2.000000000000000042e-02 2.500000000000000139e-02
5.899999999999999689e-01 4.000000000000000083e-02 7.000000000000000666e-02 0.000000000000000000e+00 5.999999999999999778e-02 2.500000000000000139e-02 1.499999999999999944e-02 2.500000000000000139e-02 2.999999999999999889e-02 2.000000000000000042e-02 2.500000000000000139e-02 2.500000000000000139e-02 1.499999999999999944e-02 2.000000000000000042e-02 5.000000000000000104e-03 3.500000000000000333e-02
4.450000000000000067e-01 5.999999999999999778e-02 7.000000000000000666e-02 3.500000000000000333e-02 4.499999999999999833e-02 4.000000000000000083e-02 2.999999999999999889e-02 4.000000000000000083e-02 6.500000000000000222e-02 1.000000000000000021e-02 1.499999999999999944e-02 2.999999999999999889e-02 3.500000000000000333e-02 1.499999999999999944e-02 2.500000000000000139e-02 4.000000000000000083e-02
5.600000000000000533e-01 7.499999999999999722e-02 2.999999999999999889e-02 2.000000000000000042e-02 8.000000000000000167e-02 4.000000000000000083e-02 2.000000000000000042e-02 2.999999999999999889e-02 5.999999999999999778e-02 1.000000000000000021e-02 1.000000000000000021e-02 1.000000000000000021e-02 1.499999999999999944e-02 2.500000000000000139e-02 0.000000000000000000e+00 1.499999999999999944e-02
5.100000000000000089e-01 4.499999999999999833e-02 5.500000000000000028e-02 3.500000000000000333e-02 3.500000000000000333e-02 2.999999999999999889e-02 2.000000000000000042e-02 4.000000000000000083e-02 5.999999999999999778e-02 1.000000000000000021e-02 3.500000000000000333e-02 3.500000000000000333e-02 1.499999999999999944e-02 3.500000000000000333e-02 1.000000000000000021e-02 2.999999999999999889e-02
4.699999999999999734e-01 7.000000000000000666e-02 4.499999999999999833e-02 1.499999999999999944e-02 7.000000000000000666e-02 4.000000000000000083e-02 2.999999999999999889e-02 2.000000000000000042e-02 5.999999999999999778e-02 2.999999999999999889e-02 2.000000000000000042e-02 1.000000000000000021e-02 3.500000000000000333e-02 2.500000000000000139e-02 1.499999999999999944e-02 4.499999999999999833e-02
4.000000000000000222e-01 5.999999999999999778e-02 6.500000000000000222e-02 2.500000000000000139e-02 4.499999999999999833e-02 4.000000000000000083e-02 3.500000000000000333e-02 5.999999999999999778e-02 2.999999999999999889e-02 4.499999999999999833e-02 4.499999999999999833e-02 2.999999999999999889e-02 5.000000000000000104e-03 4.000000000000000083e-02 2.500000000000000139e-02 5.000000000000000278e-02
