8.000000000000000444e-01 5.000000000000000278e-02 2.000000000000000042e-02 5.000000000000000104e-03 2.000000000000000042e-02 5.000000000000000104e-03 0.000000000000000000e+00 0.000000000000000000e+00 4.000000000000000083e-02 0.000000000000000000e+00 5.000000000000000104e-03 0.000000000000000000e+00 4.499999999999999833e-02 5.000000000000000104e-03 5.000000000000000104e-03 0.000000000000000000e+00
6.850000000000000533e-01 1.100000000000000006e-01 8.000000000000000167e-02 5.000000000000000104e-03 2.999999999999999889e-02 0.000000000000000000e+00 1.499999999999999944e-02 0.000000000000000000e+00 4.499999999999999833e-02 0.000000000000000000e+00 5.000000000000000104e-03 0.000000000000000000e+00 1.499999999999999944e-02 5.000000000000000104e-03 5.000000000000000104e-03 0.000000000000000000e+00
6.650000000000000355e-01 6.500000000000000222e-02 1.300000000000000044e-01 1.000000000000000021e-02 5.000000000000000278e-02 5.000000000000000104e-03 5.000000000000000104e-03 0.000000000000000000e+00 2.000000000000000042e-02 1.000000000000000021e-02 5.000000000000000104e-03 5.000000000000000104e-03 2.000000000000000042e-02 5.000000000000000104e-03 5.000000000000000104e-03 0.000000000000000000e+00
6.899999999999999467e-01 7.499999999999999722e-02 7.499999999999999722e-02 3.500000000000000333e-02 4.000000000000000083e-02 5.000000000000000104e-03 0.000000000000000000e+00 0.000000000000000000e+00 2.500000000000000139e-02 1.000000000000000021e-02 1.499999999999999944e-02 5.000000000000000104e-03 2.000000000000000042e-02 5.000000000000000104e-03 0.000000000000000000e+00 0.000000000000000000e+00
6.600000000000000311e-01 2.999999999999999889e-02 5.500000000000000028e-02 5.000000000000000104e-03 5.500000000000000028e-02 0.000000000000000000e+00 5.000000000000000104e-03 0.000000000000000000e+00 7.000000000000000666e-02 1.000000000000000021e-02 0.000000000000000000e+00 0.000000000000000000e+00 8.999999999999999667e-02 1.000000000000000021e-02 5.000000000000000104e-03 5.000000000000000104e-03
6.149999999999999911e-01 6.500000000000000222e-02 5.000000000000000278e-02 0.000000000000000000e+00 4.499999999999999833e-02 2.000000000000000042e-02 0.000000000000000000e+00 0.000000000000000000e+00 8.500000000000000611e-02 0.000000000000000000e+00 0.000000000000000000e+00 0.000000000000000000e+00 7.499999999999999722e-02 2.999999999999999889e-02 1.499999999999999944e-02 0.000000000000000000e+00
5.550000000000000488e-01 6.500000000000000222e-02 6.500000000000000222e-02 2.999999999999999889e-02 6.500000000000000222e-02 1.499999999999999944e-02 1.499999999999999944e-02 0.000000000000000000e+00 5.999999999999999778e-02 2.000000000000000042e-02 2.000000000000000042e-02 0.000000000000000000e+00 5.000000000000000278e-02 2.500000000000000139e-02 5.000000000000000104e-03 1.000000000000000021e-02
5.200000000000000178e-01 9.500000000000000111e-02 7.499999999999999722e-02 3.500000000000000333e-02 4.499999999999999833e-02 2.500000000000000139e-02 5.000000000000000104e-03 1.000000000000000021e-02 8.000000000000000167e-02 5.000000000000000104e-03 1.499999999999999944e-02 0.000000000000000000e+00 5.500000000000000028e-02 1.499999999999999944e-02 1.499999999999999944e-02 5.000000000000000104e-03
5.699999999999999512e-01 5.000000000000000278e-02 5.000000000000000278e-02 0.000000000000000000e+00 8.000000000000000167e-02 1.499999999999999944e-02 5.000000000000000104e-03 0.000000000000000000e+00 1.100000000000000006e-01 5.000000000000000104e-03 1.499999999999999944e-02 0.000000000000000000e+00 7.499999999999999722e-02 1.499999999999999944e-02 1.000000000000000021e-02 0.000000000000000000e+00
5.100000000000000089e-01 6.500000000000000222e-02 7.499999999999999722e-02 1.499999999999999944e-02 5.000000000000000278e-02 4.000000000000000083e-02 1.000000000000000021e-02 5.000000000000000104e-03 1.100000000000000006e-01 5.000000000000000104e-03 1.499999999999999944e-02 0.000000000000000000e+00 5.500000000000000028e-02 2.000000000000000042e-02 2.500000000000000139e-02 0.000000000000000000e+00
5.899999999999999689e-01 3.500000000000000333e-02 7.000000000000000666e-02 5.000000000000000104e-03 6.500000000000000222e-02 5.000000000000000104e-03 1.000000000000000021e-02 0.000000000000000000e+00 2.500000000000000139e-02 1.000000000000000021e-02 1.499999999999999944e-02 5.000000000000000104e-03 1.150000000000000050e-01 2.000000000000000042e-02 1.499999999999999944e-02 1.499999999999999944e-02
4.749999999999999778e-01 1.049999999999999961e-01 1.300000000000000044e-01 3.500000000000000333e-02 5.500000000000000028e-02 2.000000000000000042e-02 1.000000000000000021e-02 5.000000000000000104e-03 3.500000000000000333e-02 2.000000000000000042e-02 1.000000000000000021e-02 5.000000000000000104e-03 5.000000000000000278e-02 2.000000000000000042e-02 2.000000000000000042e-02 5.000000000000000104e-03
5.350000000000000311e-01 2.500000000000000139e-02 3.500000000000000333e-02 5.000000000000000104e-03 1.100000000000000006e-01 1.000000000000000021e-02 5.000000000000000104e-03 0.000000000000000000e+00 8.000000000000000167e-02 0.000000000000000000e+00 1.000000000000000021e-02 0.000000000000000000e+00 1.350000000000000089e-01 2.000000000000000042e-02 2.999999999999999889e-02 0.000000000000000000e+00
5.300000000000000266e-01 5.999999999999999778e-02 2.500000000000000139e-02 1.000000000000000021e-02 8.999999999999999667e-02 5.000000000000000104e-03 1.499999999999999944e-02 0.000000000000000000e+00 4.499999999999999833e-02 1.000000000000000021e-02 1.000000000000000021e-02 5.000000000000000104e-03 1.049999999999999961e-01 2.999999999999999889e-02 5.500000000000000028e-02 5.000000000000000104e-03
5.749999999999999556e-01 1.000000000000000021e-02 2.500000000000000139e-02 5.000000000000000104e-03 7.000000000000000666e-02 2.000000000000000042e-02 1.499999999999999944e-02 1.000000000000000021e-02 5.999999999999999778e-02 5.000000000000000104e-03 5.000000000000000104e-03 0.000000000000000000e+00 1.150000000000000050e-01 4.499999999999999833e-02 3.500000000000000333e-02 5.000000000000000104e-03
5.300000000000000266e-01 5.000000000000000278e-02 5.000000000000000278e-02 1.000000000000000021e-02 8.000000000000000167e-02 1.000000000000000021e-02 5.000000000000000104e-03 1.499999999999999944e-02 5.000000000000000278e-02 1.000000000000000021e-02 1.499999999999999944e-02 0.000000000000000000e+00 1.499999999999999944e-01 5.000000000000000104e-03 1.000000000000000021e-02 1.000000000000000021e-02
