8.149999999999999467e-01 2.500000000000000139e-02 3.500000000000000333e-02 2.000000000000000042e-02 2.000000000000000042e-02 2.500000000000000139e-02 5.000000000000000104e-03 5.000000000000000104e-03 1.499999999999999944e-02 5.000000000000000104e-03 0.000000000000000000e+00 5.000000000000000104e-03 0.000000000000000000e+00 5.000000000000000104e-03 0.000000000000000000e+00 2.000000000000000042e-02
6.750000000000000444e-01 3.500000000000000333e-02 4.000000000000000083e-02 4.499999999999999833e-02 2.000000000000000042e-02 5.000000000000000278e-02 1.000000000000000021e-02 1.499999999999999944e-02 1.499999999999999944e-02 5.000000000000000104e-03 4.000000000000000083e-02 1.499999999999999944e-02 0.000000000000000000e+00 5.000000000000000104e-03 0.000000000000000000e+00 2.999999999999999889e-02
6.899999999999999467e-01 5.500000000000000028e-02 5.000000000000000278e-02 1.000000000000000021e-02 0.000000000000000000e+00 4.000000000000000083e-02 1.000000000000000021e-02 2.500000000000000139e-02 3.500000000000000333e-02 5.000000000000000104e-03 2.999999999999999889e-02 2.999999999999999889e-02 0.000000000000000000e+00 0.000000000000000000e+00 5.000000000000000104e-03 1.499999999999999944e-02
5.550000000000000488e-01 6.500000000000000222e-02 5.500000000000000028e-02 5.000000000000000278e-02 2.500000000000000139e-02 5.500000000000000028e-02 1.499999999999999944e-02 4.000000000000000083e-02 1.000000000000000021e-02 1.499999999999999944e-02 1.000000000000000021e-02 1.000000000000000021e-02 5.000000000000000104e-03 1.000000000000000021e-02 0.000000000000000000e+00 8.000000000000000167e-02
7.299999999999999822e-01 3.500000000000000333e-02 5.500000000000000028e-02 1.499999999999999944e-02 1.499999999999999944e-02 3.500000000000000333e-02 5.000000000000000104e-03 1.499999999999999944e-02 4.000000000000000083e-02 1.000000000000000021e-02 1.000000000000000021e-02 1.499999999999999944e-02 0.000000000000000000e+00 5.000000000000000104e-03 0.000000000000000000e+00 1.499999999999999944e-02
5.100000000000000089e-01 5.999999999999999778e-02 7.499999999999999722e-02 5.000000000000000278e-02 2.500000000000000139e-02 2.500000000000000139e-02 5.000000000000000104e-03 4.000000000000000083e-02 2.999999999999999889e-02 1.499999999999999944e-02 4.499999999999999833e-02 5.500000000000000028e-02 5.000000000000000104e-03 1.000000000000000021e-02 5.000000000000000104e-03 4.499999999999999833e-02
5.949999999999999734e-01 6.500000000000000222e-02 5.999999999999999778e-02 3.500000000000000333e-02 2.000000000000000042e-02 2.999999999999999889e-02 5.000000000000000104e-03 1.499999999999999944e-02 4.499999999999999833e-02 5.000000000000000104e-03 2.999999999999999889e-02 1.499999999999999944e-02 0.000000000000000000e+00 1.000000000000000021e-02 1.499999999999999944e-02 5.500000000000000028e-02
4.749999999999999778e-01 5.000000000000000278e-02 6.500000000000000222e-02 5.000000000000000278e-02 2.999999999999999889e-02 5.500000000000000028e-02 2.999999999999999889e-02 4.000000000000000083e-02 2.500000000000000139e-02 1.499999999999999944e-02 4.000000000000000083e-02 4.499999999999999833e-02 5.000000000000000104e-03 1.000000000000000021e-02 5.000000000000000104e-03 5.999999999999999778e-02
6.750000000000000444e-01 5.000000000000000278e-02 4.499999999999999833e-02 2.000000000000000042e-02 4.499999999999999833e-02 2.500000000000000139e-02 5.000000000000000104e-03 2.000000000000000042e-02 3.500000000000000333e-02 0.000000000000000000e+00 1.000000000000000021e-02 2.999999999999999889e-02 1.000000000000000021e-02 5.000000000000000104e-03 5.000000000000000104e-03 2.000000000000000042e-02
6.550000000000000266e-01 2.999999999999999889e-02 8.500000000000000611e-02 2.999999999999999889e-02 1.000000000000000021e-02 4.499999999999999833e-02 5.000000000000000104e-03 1.499999999999999944e-02 1.000000000000000021e-02 0.000000000000000000e+00 2.500000000000000139e-02 3.500000000000000333e-02 1.000000000000000021e-02 1.000000000000000021e-02 1.000000000000000021e-02 2.500000000000000139e-02
5.899999999999999689e-01 4.000000000000000083e-02 8.000000000000000167e-02 2.500000000000000139e-02 1.499999999999999944e-02 5.500000000000000028e-02 2.000000000000000042e-02 2.500000000000000139e-02 2.500000000000000139e-02 0.000000000000000000e+00 2.000000000000000042e-02 2.999999999999999889e-02 1.000000000000000021e-02 0.000000000000000000e+00 0.000000000000000000e+00 6.500000000000000222e-02
4.650000000000000244e-01 8.999999999999999667e-02 5.000000000000000278e-02 3.500000000000000333e-02 3.500000000000000333e-02 4.499999999999999833e-02 0.000000000000000000e+00 5.000000000000000278e-02 2.500000000000000139e-02 1.499999999999999944e-02 3.500000000000000333e-02 2.500000000000000139e-02 1.000000000000000021e-02 1.000000000000000021e-02 0.000000000000000000e+00 1.100000000000000006e-01
6.199999999999999956e-01 2.999999999999999889e-02 5.999999999999999778e-02 4.000000000000000083e-02 3.500000000000000333e-02 2.500000000000000139e-02 5.000000000000000104e-03 2.999999999999999889e-02 3.500000000000000333e-02 1.499999999999999944e-02 2.999999999999999889e-02 1.000000000000000021e-02 5.000000000000000104e-03 2.000000000000000042e-02 1.000000000000000021e-02 2.999999999999999889e-02
5.250000000000000222e-01 6.500000000000000222e-02 5.500000000000000028e-02 2.000000000000000042e-02 2.999999999999999889e-02 3.500000000000000333e-02 1.000000000000000021e-02 4.499999999999999833e-02 2.999999999999999889e-02 1.000000000000000021e-02 4.499999999999999833e-02 5.000000000000000278e-02 0.000000000000000000e+00 2.999999999999999889e-02 1.000000000000000021e-02 4.000000000000000083e-02
5.000000000000000000e-01 5.500000000000000028e-02 6.500000000000000222e-02 3.500000000000000333e-02 5.000000000000000278e-02 4.499999999999999833e-02 1.499999999999999944e-02 3.500000000000000333e-02 1.499999999999999944e-02 1.000000000000000021e-02 4.499999999999999833e-02 4.499999999999999833e-02 5.000000000000000104e-03 2.000000000000000042e-02 1.000000000000000021e-02 5.000000000000000278e-02
3.449999999999999734e-01 1.199999999999999956e-01 3.500000000000000333e-02 4.000000000000000083e-02 2.999999999999999889e-02 3.500000000000000333e-02 1.499999999999999944e-02 6.500000000000000222e-02 4.000000000000000083e-02 2.500000000000000139e-02 6.500000000000000222e-02 5.500000000000000028e-02 5.000000000000000104e-03 1.499999999999999944e-02 2.000000000000000042e-02 8.999999999999999667e-02
