5.749999999999999556e-01 2.000000000000000042e-02 8.000000000000000167e-02 5.000000000000000104e-03 3.500000000000000333e-02 8.000000000000000167e-02 1.000000000000000021e-02 2.000000000000000042e-02 4.499999999999999833e-02 5.000000000000000104e-03 1.499999999999999944e-02 1.000000000000000021e-02 1.000000000000000021e-02 2.500000000000000139e-02 3.500000000000000333e-02 2.999999999999999889e-02
4.949999999999999956e-01 5.500000000000000028e-02 5.000000000000000278e-02 2.999999999999999889e-02 5.000000000000000278e-02 5.500000000000000028e-02 5.000000000000000104e-03 4.000000000000000083e-02 4.000000000000000083e-02 3.500000000000000333e-02 2.999999999999999889e-02 2.000000000000000042e-02 1.000000000000000021e-02 2.500000000000000139e-02 2.500000000000000139e-02 3.500000000000000333e-02
4.400000000000000022e-01 3.500000000000000333e-02 6.500000000000000222e-02 3.500000000000000333e-02 8.000000000000000167e-02 5.500000000000000028e-02 5.000000000000000104e-03 4.499999999999999833e-02 7.000000000000000666e-02 5.000000000000000104e-03 4.499999999999999833e-02 1.499999999999999944e-02 1.000000000000000021e-02 1.499999999999999944e-02 2.000000000000000042e-02 5.999999999999999778e-02
3.950000000000000178e-01 5.500000000000000028e-02 5.000000000000000278e-02 4.499999999999999833e-02 5.500000000000000028e-02 4.000000000000000083e-02 3.500000000000000333e-02 2.999999999999999889e-02 2.000000000000000042e-02 2.000000000000000042e-02 5.000000000000000278e-02 2.500000000000000139e-02 5.000000000000000104e-03 3.500000000000000333e-02 2.500000000000000139e-02 1.150000000000000050e-01
5.999999999999999778e-01 3.500000000000000333e-02 4.499999999999999833e-02 1.000000000000000021e-02 1.499999999999999944e-02 1.499999999999999944e-02 2.000000000000000042e-02 2.999999999999999889e-02 6.500000000000000222e-02 5.000000000000000104e-03 4.000000000000000083e-02 5.000000000000000104e-03 2.999999999999999889e-02 2.500000000000000139e-02 2.000000000000000042e-02 4.000000000000000083e-02
4.699999999999999734e-01 3.500000000000000333e-02 5.500000000000000028e-02 3.500000000000000333e-02 4.000000000000000083e-02 4.499999999999999833e-02 1.000000000000000021e-02 2.999999999999999889e-02 4.499999999999999833e-02 2.000000000000000042e-02 5.500000000000000028e-02 1.499999999999999944e-02 1.499999999999999944e-02 2.500000000000000139e-02 2.500000000000000139e-02 8.000000000000000167e-02
4.099999999999999756e-01 3.500000000000000333e-02 1.499999999999999944e-02 3.500000000000000333e-02 8.999999999999999667e-02 4.000000000000000083e-02 2.500000000000000139e-02 1.000000000000000021e-02 7.499999999999999722e-02 0.000000000000000000e+00 4.000000000000000083e-02 4.000000000000000083e-02 4.000000000000000083e-02 4.000000000000000083e-02 2.500000000000000139e-02 8.000000000000000167e-02
4.149999999999999800e-01 5.999999999999999778e-02 2.000000000000000042e-02 1.000000000000000021e-02 2.500000000000000139e-02 3.500000000000000333e-02 1.000000000000000021e-02 5.999999999999999778e-02 5.999999999999999778e-02 1.000000000000000021e-02 4.499999999999999833e-02 7.000000000000000666e-02 1.499999999999999944e-02 2.000000000000000042e-02 4.000000000000000083e-02 1.049999999999999961e-01
4.400000000000000022e-01 2.500000000000000139e-02 4.499999999999999833e-02 1.499999999999999944e-02 1.049999999999999961e-01 2.000000000000000042e-02 2.000000000000000042e-02 2.000000000000000042e-02 6.500000000000000222e-02 0.000000000000000000e+00 5.000000000000000278e-02 5.500000000000000028e-02 3.500000000000000333e-02 2.999999999999999889e-02 2.999999999999999889e-02 4.499999999999999833e-02
4.450000000000000067e-01 3.500000000000000333e-02 2.999999999999999889e-02 2.000000000000000042e-02 5.000000000000000278e-02 2.999999999999999889e-02 1.499999999999999944e-02 2.500000000000000139e-02 4.499999999999999833e-02 2.500000000000000139e-02 5.999999999999999778e-02 4.499999999999999833e-02 3.500000000000000333e-02 3.500000000000000333e-02 2.500000000000000139e-02 8.000000000000000167e-02
4.899999999999999911e-01 3.500000000000000333e-02 3.500000000000000333e-02 2.500000000000000139e-02 5.000000000000000278e-02 5.000000000000000278e-02 1.499999999999999944e-02 2.999999999999999889e-02 3.500000000000000333e-02 2.500000000000000139e-02 3.500000000000000333e-02 4.000000000000000083e-02 2.000000000000000042e-02 2.000000000000000042e-02 2.000000000000000042e-02 7.499999999999999722e-02
3.099999999999999978e-01 4.499999999999999833e-02 5.999999999999999778e-02 3.500000000000000333e-02 4.000000000000000083e-02 3.500000000000000333e-02 2.500000000000000139e-02 1.499999999999999944e-02 7.499999999999999722e-02 1.499999999999999944e-02 5.000000000000000278e-02 3.500000000000000333e-02 2.000000000000000042e-02 2.000000000000000042e-02 5.500000000000000028e-02 1.650000000000000078e-01
4.199999999999999845e-01 2.999999999999999889e-02 2.000000000000000042e-02 2.000000000000000042e-02 9.500000000000000111e-02 5.000000000000000278e-02 2.000000000000000042e-02 5.000000000000000104e-03 8.999999999999999667e-02 2.000000000000000042e-02 3.500000000000000333e-02 3.500000000000000333e-02 4.499999999999999833e-02 4.499999999999999833e-02 2.500000000000000139e-02 4.499999999999999833e-02
4.199999999999999845e-01 4.000000000000000083e-02 3.500000000000000333e-02 0.000000000000000000e+00 5.999999999999999778e-02 3.500000000000000333e-02 1.499999999999999944e-02 5.500000000000000028e-02 5.999999999999999778e-02 5.000000000000000104e-03 4.499999999999999833e-02 2.500000000000000139e-02 2.500000000000000139e-02 4.499999999999999833e-02 4.499999999999999833e-02 8.999999999999999667e-02
3.649999999999999911e-01 1.499999999999999944e-02 4.000000000000000083e-02 3.500000000000000333e-02 2.999999999999999889e-02 3.500000000000000333e-02 1.000000000000000021e-02 6.500000000000000222e-02 4.000000000000000083e-02 1.499999999999999944e-02 5.999999999999999778e-02 4.000000000000000083e-02 3.500000000000000333e-02 5.999999999999999778e-02 3.500000000000000333e-02 1.199999999999999956e-01
3.300000000000000155e-01 4.499999999999999833e-02 2.500000000000000139e-02 4.000000000000000083e-02 1.499999999999999944e-02 5.999999999999999778e-02 2.000000000000000042e-02 3.500000000000000333e-02 1.000000000000000021e-02 3.500000000000000333e-02 2.000000000000000042e-02 5.500000000000000028e-02 2.500000000000000139e-02 4.000000000000000083e-02 3.500000000000000333e-02 2.099999999999999922e-01
