7.850000000000000311e-01 8.000000000000000167e-02 3.500000000000000333e-02 2.999999999999999889e-02 4.000000000000000083e-02 0.000000000000000000e+00 5.000000000000000104e-03 0.000000000000000000e+00 2.000000000000000042e-02 0.000000000000000000e+00 0.000000000000000000e+00 0.000000000000000000e+00 5.000000000000000104e-03 0.000000000000000000e+00 0.000000000000000000e+00 0.000000000000000000e+00
4.450000000000000067e-01 1.300000000000000044e-01 2.349999999999999867e-01 1.499999999999999944e-01 1.000000000000000021e-02 1.000000000000000021e-02 0.000000000000000000e+00 0.000000000000000000e+00 0.000000000000000000e+00 0.000000000000000000e+00 5.000000000000000104e-03 0.000000000000000000e+00 1.000000000000000021e-02 0.000000000000000000e+00 0.000000000000000000e+00 5.000000000000000104e-03
5.250000000000000222e-01 1.449999999999999900e-01 1.600000000000000033e-01 1.250000000000000000e-01 1.000000000000000021e-02 5.000000000000000104e-03 5.000000000000000104e-03 0.000000000000000000e+00 5.000000000000000104e-03 0.000000000000000000e+00 5.000000000000000104e-03 0.000000000000000000e+00 5.000000000000000104e-03 5.000000000000000104e-03 5.000000000000000104e-03 0.000000000000000000e+00
3.649999999999999911e-01 1.700000000000000122e-01 2.449999999999999956e-01 1.250000000000000000e-01 1.499999999999999944e-02 1.499999999999999944e-02 1.000000000000000021e-02 1.499999999999999944e-02 1.000000000000000021e-02 1.499999999999999944e-02 0.000000000000000000e+00 0.000000000000000000e+00 1.000000000000000021e-02 0.000000000000000000e+00 5.000000000000000104e-03 0.000000000000000000e+00
3.649999999999999911e-01 4.000000000000000083e-02 2.500000000000000139e-02 2.999999999999999889e-02 2.000000000000000042e-02 0.000000000000000000e+00 0.000000000000000000e+00 0.000000000000000000e+00 3.250000000000000111e-01 3.500000000000000333e-02 2.999999999999999889e-02 1.000000000000000021e-02 7.499999999999999722e-02 1.499999999999999944e-02 2.500000000000000139e-02 5.000000000000000104e-03
2.099999999999999922e-01 4.000000000000000083e-02 1.250000000000000000e-01 4.499999999999999833e-02 1.499999999999999944e-02 1.000000000000000021e-02 1.000000000000000021e-02 5.000000000000000104e-03 2.149999999999999967e-01 8.999999999999999667e-02 1.000000000000000056e-01 4.499999999999999833e-02 2.500000000000000139e-02 2.000000000000000042e-02 2.999999999999999889e-02 1.499999999999999944e-02
2.550000000000000044e-01 5.500000000000000028e-02 1.000000000000000056e-01 5.999999999999999778e-02 1.499999999999999944e-02 1.000000000000000021e-02 1.499999999999999944e-02 5.000000000000000104e-03 2.300000000000000100e-01 4.000000000000000083e-02 5.999999999999999778e-02 5.999999999999999778e-02 5.500000000000000028e-02 2.000000000000000042e-02 1.000000000000000021e-02 1.000000000000000021e-02
2.049999999999999878e-01 8.999999999999999667e-02 1.749999999999999889e-01 7.499999999999999722e-02 2.000000000000000042e-02 0.000000000000000000e+00 0.000000000000000000e+00 5.000000000000000104e-03 1.350000000000000089e-01 5.000000000000000278e-02 8.999999999999999667e-02 5.500000000000000028e-02 5.500000000000000028e-02 2.000000000000000042e-02 1.499999999999999944e-02 1.000000000000000021e-02
7.149999999999999689e-01 7.000000000000000666e-02 7.000000000000000666e-02 3.500000000000000333e-02 2.000000000000000042e-02 0.000000000000000000e+00 5.000000000000000104e-03 0.000000000000000000e+00 3.500000000000000333e-02 5.000000000000000104e-03 5.000000000000000104e-03 0.000000000000000000e+00 3.500000000000000333e-02 0.000000000000000000e+00 0.000000000000000000e+00 5.000000000000000104e-03
4.450000000000000067e-01 1.849999999999999978e-01 1.749999999999999889e-01 1.199999999999999956e-01 2.500000000000000139e-02 0.000000000000000000e+00 5.000000000000000104e-03 5.000000000000000104e-03 1.000000000000000021e-02 0.000000000000000000e+00 0.000000000000000000e+00 1.000000000000000021e-02 0.000000000000000000e+00 0.000000000000000000e+00 1.499999999999999944e-02 5.000000000000000104e-03
5.699999999999999512e-01 1.000000000000000056e-01 1.400000000000000133e-01 8.000000000000000167e-02 4.000000000000000083e-02 1.000000000000000021e-02 5.000000000000000104e-03 5.000000000000000104e-03 2.500000000000000139e-02 5.000000000000000104e-03 5.000000000000000104e-03 0.000000000000000000e+00 1.499999999999999944e-02 0.000000000000000000e+00 0.000000000000000000e+00 0.000000000000000000e+00
3.750000000000000000e-01 1.700000000000000122e-01 2.099999999999999922e-01 1.250000000000000000e-01 2.500000000000000139e-02 1.000000000000000021e-02 1.499999999999999944e-02 0.000000000000000000e+00 1.499999999999999944e-02 5.000000000000000104e-03 1.000000000000000021e-02 1.000000000000000021e-02 2.500000000000000139e-02 0.000000000000000000e+00 0.000000000000000000e+00 5.000000000000000104e-03
5.849999999999999645e-01 8.000000000000000167e-02 7.499999999999999722e-02 3.500000000000000333e-02 4.000000000000000083e-02 0.000000000000000000e+00 0.000000000000000000e+00 0.000000000000000000e+00 1.049999999999999961e-01 1.000000000000000021e-02 5.000000000000000104e-03 1.000000000000000021e-02 4.499999999999999833e-02 5.000000000000000104e-03 5.000000000000000104e-03 0.000000000000000000e+00
3.850000000000000089e-01 1.199999999999999956e-01 1.700000000000000122e-01 6.500000000000000222e-02 1.000000000000000021e-02 0.000000000000000000e+00 0.000000000000000000e+00 1.000000000000000021e-02 8.999999999999999667e-02 4.000000000000000083e-02 4.499999999999999833e-02 2.500000000000000139e-02 2.000000000000000042e-02 5.000000000000000104e-03 5.000000000000000104e-03 1.000000000000000021e-02
4.450000000000000067e-01 8.500000000000000611e-02 1.499999999999999944e-01 8.000000000000000167e-02 2.000000000000000042e-02 5.000000000000000104e-03 0.000000000000000000e+00 0.000000000000000000e+00 8.999999999999999667e-02 2.500000000000000139e-02 5.999999999999999778e-02 1.499999999999999944e-02 2.500000000000000139e-02 0.000000000000000000e+00 0.000000000000000000e+00 0.000000000000000000e+00
3.300000000000000155e-01 1.449999999999999900e-01 1.849999999999999978e-01 1.000000000000000056e-01 2.000000000000000042e-02 0.000000000000000000e+00 5.000000000000000104e-03 0.000000000000000000e+00 7.499999999999999722e-02 2.000000000000000042e-02 3.500000000000000333e-02 2.500000000000000139e-02 2.500000000000000139e-02 1.000000000000000021e-02 1.000000000000000021e-02 1.499999999999999944e-02
